gd_1: 0.100384;-0.183361;0.008113
gd_2: -0.012440;0.051520;0.893721
gd_3: 0.637240;-0.461417;-0.563596
gd_4: -0.927083;0.177299;-0.201489
gd_5: 0.973263;-0.026163;-0.008009
