# Created by Octave 3.0.1, Mon Jun 15 22:45:36 2009 CEST <kosh@koshfest>
# name: mirko_H1
# type: matrix
# rows: 24
# columns: 1
 0
 -4.57791520116
 2.422795994324
 -2.787854446668
 -9.694887421200001
 6.47414976488
 1.713175477016
 3.9426215684
 -5.5973458624
 3.37132857328
 -2.967306968476
 2.0530684692
 0
 -4.57791520116
 -0.327889782116
 2.787854446668
 -1.312060335096
 6.47414976488
 -0.231853088416
 -3.9426215684
 -0.75751838766
 -3.37132857328
 0.401581329028
 2.0530684692
# name: mirko_H2
# type: matrix
# rows: 12
# columns: 1
 2.28895760059
 2.60532522049
 -8.08451859304
 -1.11472304569
 -4.48433721784
 -2.51018771884
 -2.28895760059
 1.55787211439
 3.89310504999
 -1.85538423999
 -1.30690509281
 0.825743570085
# name: mirko_H3
# type: matrix
# rows: 6
# columns: 1
 -2.78785444667
 -5.7522658528
 -3.54427739319
 2.78785444667
 -5.25468190349
 1.29555008154
# name: E
# type: matrix
# rows: 6
# columns: 12
 0 0 0 0 0 0 0 0 0 0 0 0
 0 -8.48528137424 0 0 0 0 0 0 0 0 0 0
 9.797958971130001 -4.89897948557 0 0 0 0 0 0 0 0 0 0
 0 0 0 0 0 0 0 0 0 0 0 0
 0 0 0 0 0 0 0 8.48528137424 0 0 0 0
 0 0 0 0 0 0 -9.797958971130001 4.89897948557 0 0 0 0
# name: R
# type: matrix
# rows: 6
# columns: 6
 0 0 0 0 0 0
 0 0 0 0 0 0
 0 0 0 0 0 0
 0 0 0 0 0 0
 0 0 0 0 0 0
 0 0 0 0 0 0
# name: W
# type: matrix
# rows: 24
# columns: 12
 0 0 0 0 0 0 0 0 0 0 0 0
 0 0 0 0 0 0 0 0 0 0 0 0
 0 0 0 0 0 0 0 0 0 0 0 0
 0 0 0 0 0 0 0 0 0 0 0 0
 0 8.48528137424 0 0 0 0 0 0 0 0 0 0
 0 8.48528137424 0 0 0 0 0 0 0 0 0 0
 0 0 0 0 0 0 0 0 0 0 0 0
 0 0 0 0 0 0 0 0 0 0 0 0
 0 4.89897948557 0 0 0 0 0 0 0 0 0 0
 0 4.89897948557 0 0 0 0 0 0 0 0 0 0
 -9.797958971130001 0 0 0 0 0 0 0 0 0 0 0
 -9.797958971130001 0 0 0 0 0 0 0 0 0 0 0
 0 0 0 0 0 0 0 0 0 0 0 0
 0 0 0 0 0 0 0 0 0 0 0 0
 0 0 0 0 0 0 0 0 0 0 0 0
 0 0 0 0 0 0 0 0 0 0 0 0
 0 0 0 0 0 0 0 -8.48528137424 0 0 0 0
 0 0 0 0 0 0 0 -8.48528137424 0 0 0 0
 0 0 0 0 0 0 0 0 0 0 0 0
 0 0 0 0 0 0 0 0 0 0 0 0
 0 0 0 0 0 0 0 -4.89897948557 0 0 0 0
 0 0 0 0 0 0 0 -4.89897948557 0 0 0 0
 0 0 0 0 0 0 9.797958971130001 0 0 0 0 0
 0 0 0 0 0 0 9.797958971130001 0 0 0 0 0
# name: X
# type: matrix
# rows: 12
# columns: 24
 0 0 0 0 0 0 0 0 0 0 0 0 0 0 0 0 0 0 0 0 0 0 0 0
 0 0 0 0 0 0 0 0 0 0 0 0 0 0 0 0 0 0 0 0 0 0 0 0
 0 8.48528137424 0 0 0 0 0 0 0 0 0 0 0 0 0 0 0 0 0 0 0 0 0 0
 0 0 0 0 0 0 0 0 0 0 0 0 0 0 0 0 0 0 0 0 0 0 0 0
 -9.797958971130001 4.89897948557 0 0 0 0 0 0 0 0 0 0 0 0 0 0 0 0 0 0 0 0 0 0
 0 0 0 0 0 0 0 0 0 0 0 0 0 0 0 0 0 0 0 0 0 0 0 0
 0 0 0 0 0 0 0 0 0 0 0 0 0 0 0 0 0 0 0 0 0 0 0 0
 0 0 0 0 0 0 0 0 0 0 0 0 0 0 0 0 0 0 0 0 0 0 0 0
 0 0 0 0 0 0 0 0 0 0 0 0 0 -8.48528137424 0 0 0 0 0 0 0 0 0 0
 0 0 0 0 0 0 0 0 0 0 0 0 0 0 0 0 0 0 0 0 0 0 0 0
 0 0 0 0 0 0 0 0 0 0 0 0 9.797958971130001 -4.89897948557 0 0 0 0 0 0 0 0 0 0
 0 0 0 0 0 0 0 0 0 0 0 0 0 0 0 0 0 0 0 0 0 0 0 0
# name: Y
# type: matrix
# rows: 12
# columns: 12
 0 0 0 0 0 0 0 0 0 0 0 0
 0 0 0 0 0 0 0 0 0 0 0 0
 0 0 0 0 0 0 0 0 0 0 0 0
 0 0 0 0 0 0 0 0 0 0 0 0
 0 0 0 0 0 0 0 0 0 0 0 0
 0 0 0 0 0 0 0 0 0 0 0 0
 0 0 0 0 0 0 0 0 0 0 0 0
 0 0 0 0 0 0 0 0 0 0 0 0
 0 0 0 0 0 0 0 0 0 0 0 0
 0 0 0 0 0 0 0 0 0 0 0 0
 0 0 0 0 0 0 0 0 0 0 0 0
 0 0 0 0 0 0 0 0 0 0 0 0
# name: Z
# type: matrix
# rows: 12
# columns: 6
 0 0 0 0 0 0
 0 0 0 0 0 0
 0 0 0 0 0 0
 0 0 0 0 0 0
 9.797958971130001 0 0 0 0 0
 0 0 0 0 0 0
 0 0 0 0 0 0
 0 0 0 0 0 0
 0 0 0 0 0 0
 0 0 0 0 0 0
 0 0 0 -9.797958971130001 0 0
 0 0 0 0 0 0
# name: __nargin__
# type: scalar
5
# name: p
# type: matrix
# rows: 6
# columns: 1
 0
 0
 0
 0
 0
 0
# name: u
# type: matrix
# rows: 12
# columns: 1
 0
 0
 0
 0
 0
 0
 0
 0
 0
 0
 0
 0
# name: mirko_E
# type: matrix
# rows: 6
# columns: 12
 -2 2 -1.41421356237 1.41421356237 -2.44948974278 2.44948974278 -2 2 -1.41421356237 1.41421356237 -2.44948974278 2.44948974278
 -1.41421356237 -7.07106781187 -4 4 2.22044604925e-16 1.55431223448e-15 -1.41421356237 1.41421356237 2 -2 -3.46410161514 3.46410161514
 7.34846922835 -2.44948974278 -0 -0 -4 4 -2.44948974278 2.44948974278 -3.46410161514 3.46410161514 -2 2
 2 -2 1.41421356237 -1.41421356237 2.44948974278 -2.44948974278 2 -2 1.41421356237 -1.41421356237 2.44948974278 -2.44948974278
 1.41421356237 -1.41421356237 -2 2 3.46410161514 -3.46410161514 1.41421356237 7.07106781187 4 -4 -2.22044604925e-16 -1.55431223448e-15
 2.44948974278 -2.44948974278 3.46410161514 -3.46410161514 2 -2 -7.34846922835 2.44948974278 -0 -0 4 -4
# name: mirko_R
# type: matrix
# rows: 6
# columns: 6
 16 11.313708499 19.5959179423 -16 -11.313708499 -19.5959179423
 11.313708499 32 -1.7763568394e-15 -11.313708499 16 -27.7128129211
 19.5959179423 -1.7763568394e-15 32 -19.5959179423 -27.7128129211 -16
 -16 -11.313708499 -19.5959179423 16 11.313708499 19.5959179423
 -11.313708499 16 -27.7128129211 11.313708499 32 -1.7763568394e-15
 -19.5959179423 -27.7128129211 -16 19.5959179423 -1.7763568394e-15 32
# name: mirko_W
# type: matrix
# rows: 24
# columns: 12
 2 -0 1.414213562372 -0 2.449489742784 -0 2 -0 1.414213562372 -0 2.449489742784 -0
 -2 -0 -1.414213562372 -0 -2.449489742784 -0 -2 -0 -1.414213562372 -0 -2.449489742784 -0
 -0 2 -0 1.414213562372 -0 2.449489742784 -0 2 -0 1.414213562372 -0 2.449489742784
 -0 -2 -0 -1.414213562372 -0 -2.449489742784 -0 -2 -0 -1.414213562372 -0 -2.449489742784
 1.414213562372 -0 4 -0 -2.220446049252e-16 -0 1.414213562372 -0 -2 -0 3.464101615136 -0
 -1.414213562372 -0 -4 -0 2.220446049252e-16 -0 -1.414213562372 -0 2 -0 -3.464101615136 -0
 -0 1.414213562372 -0 4 -0 -2.220446049252e-16 -0 1.414213562372 -0 -2 -0 3.464101615136
 -0 -1.414213562372 -0 -4 -0 2.220446049252e-16 -0 -1.414213562372 -0 2 -0 -3.464101615136
 -4.47871348748 -6.92820323028 -6.92820323028 -6.92820323028 -2.928203230276 -6.92820323028 2.449489742784 -0 3.464101615136 -0 2 -0
 -16.30589620332 -13.85640646056 -13.85640646056 -13.85640646056 -17.85640646056 -13.85640646056 -2.449489742784 -0 -3.464101615136 -0 -2 -0
 -20.78460969084 -18.33511994804 -20.78460969084 -20.78460969084 -20.78460969084 -16.78460969084 -0 2.449489742784 -0 3.464101615136 -0 2
 -27.71281292112 -30.16230266388 -27.71281292112 -27.71281292112 -27.71281292112 -31.71281292112 -0 -2.449489742784 -0 -3.464101615136 -0 -2
 -2 -0 -1.414213562372 -0 -2.449489742784 -0 -2 -0 -1.414213562372 -0 -2.449489742784 -0
 2 -0 1.414213562372 -0 2.449489742784 -0 2 -0 1.414213562372 -0 2.449489742784 -0
 -0 -2 -0 -1.414213562372 -0 -2.449489742784 -0 -2 -0 -1.414213562372 -0 -2.449489742784
 -0 2 -0 1.414213562372 -0 2.449489742784 -0 2 -0 1.414213562372 -0 2.449489742784
 -1.414213562372 -0 2 -0 -3.464101615136 -0 -1.414213562372 -0 -4 -0 2.220446049252e-16 -0
 1.414213562372 -0 -2 -0 3.464101615136 -0 1.414213562372 -0 4 -0 -2.220446049252e-16 -0
 -0 -1.414213562372 -0 2 -0 -3.464101615136 -0 -1.414213562372 -0 -4 -0 2.220446049252e-16
 -0 1.414213562372 -0 -2 -0 3.464101615136 -0 1.414213562372 -0 4 -0 -2.220446049252e-16
 -2.449489742784 -0 -3.464101615136 -0 -2 -0 4.47871348748 6.92820323028 6.92820323028 6.92820323028 2.928203230276 6.92820323028
 2.449489742784 -0 3.464101615136 -0 2 -0 16.30589620332 13.85640646056 13.85640646056 13.85640646056 17.85640646056 13.85640646056
 -0 -2.449489742784 -0 -3.464101615136 -0 -2 20.78460969084 18.33511994804 20.78460969084 20.78460969084 20.78460969084 16.78460969084
 -0 2.449489742784 -0 3.464101615136 -0 2 27.71281292112 30.16230266388 27.71281292112 27.71281292112 27.71281292112 31.71281292112
