# Created by Octave 3.0.1, Mon Jun 15 21:47:19 2009 CEST <kosh@koshfest>
# name: mirko_H1
# type: matrix
# rows: 24
# columns: 1
 NaN
 -Inf
 Inf
 -Inf
 -Inf
 Inf
 Inf
 Inf
 -Inf
 Inf
 -Inf
 Inf
 NaN
 -Inf
 -Inf
 Inf
 -Inf
 Inf
 -Inf
 -Inf
 -Inf
 -Inf
 Inf
 Inf
# name: mirko_H2
# type: matrix
# rows: 12
# columns: 1
 2.28895760059
 2.60532522049
 -8.08451859304
 -1.11472304569
 -4.48433721784
 -2.51018771884
 -2.28895760059
 1.55787211439
 3.89310504999
 -1.85538423999
 -1.30690509281
 0.825743570085
# name: mirko_H3
# type: matrix
# rows: 6
# columns: 1
 -2.78785444667
 -5.7522658528
 -3.54427739319
 2.78785444667
 -5.25468190349
 1.29555008154
# name: E
# type: matrix
# rows: 6
# columns: 12
 -2 2 -1.41421356237 1.41421356237 -2.44948974278 2.44948974278 -2 2 -1.41421356237 1.41421356237 -2.44948974278 2.44948974278
 -1.41421356237 1.41421356237 -4 4 0 0 -1.41421356237 1.41421356237 -4 4 0 0
 -2.44948974278 2.44948974278 0 0 -4 4 -2.44948974278 2.44948974278 0 0 -4 4
 2 -2 1.41421356237 -1.41421356237 2.44948974278 -2.44948974278 2 -2 1.41421356237 -1.41421356237 2.44948974278 -2.44948974278
 1.41421356237 -1.41421356237 4 -4 0 0 1.41421356237 -1.41421356237 4 -4 0 0
 2.44948974278 -2.44948974278 0 0 4 -4 2.44948974278 -2.44948974278 0 0 4 -4
# name: R
# type: matrix
# rows: 6
# columns: 6
 16 11.313708499 19.5959179423 -16 -11.313708499 -19.5959179423
 11.313708499 32 0 -11.313708499 -32 0
 19.5959179423 0 32 -19.5959179423 0 -32
 -16 -11.313708499 -19.5959179423 16 11.313708499 19.5959179423
 -11.313708499 -32 0 11.313708499 32 0
 -19.5959179423 0 -32 19.5959179423 0 32
# name: W
# type: matrix
# rows: 24
# columns: 12
 2 0 1.41421356237 0 2.44948974278 0 2 0 1.41421356237 0 2.44948974278 0
 -2 0 -1.41421356237 0 -2.44948974278 0 -2 0 -1.41421356237 0 -2.44948974278 0
 0 2 0 1.41421356237 0 2.44948974278 0 2 0 1.41421356237 0 2.44948974278
 0 -2 0 -1.41421356237 0 -2.44948974278 0 -2 0 -1.41421356237 0 -2.44948974278
 1.41421356237 0 4 0 0 0 1.41421356237 0 4 0 0 0
 -1.41421356237 0 -4 0 0 0 -1.41421356237 0 -4 0 0 0
 0 1.41421356237 0 4 0 0 0 1.41421356237 0 4 0 0
 0 -1.41421356237 0 -4 0 0 0 -1.41421356237 0 -4 0 0
 2.44948974278 0 0 0 4 0 2.44948974278 0 0 0 4 0
 -2.44948974278 0 0 0 -4 0 -2.44948974278 0 0 0 -4 0
 0 2.44948974278 0 0 0 4 0 2.44948974278 0 0 0 4
 0 -2.44948974278 0 0 0 -4 0 -2.44948974278 0 0 0 -4
 -2 0 -1.41421356237 0 -2.44948974278 0 -2 0 -1.41421356237 0 -2.44948974278 0
 2 0 1.41421356237 0 2.44948974278 0 2 0 1.41421356237 0 2.44948974278 0
 0 -2 0 -1.41421356237 0 -2.44948974278 0 -2 0 -1.41421356237 0 -2.44948974278
 0 2 0 1.41421356237 0 2.44948974278 0 2 0 1.41421356237 0 2.44948974278
 -1.41421356237 0 -4 0 0 0 -1.41421356237 0 -4 0 0 0
 1.41421356237 0 4 0 0 0 1.41421356237 0 4 0 0 0
 0 -1.41421356237 0 -4 0 0 0 -1.41421356237 0 -4 0 0
 0 1.41421356237 0 4 0 0 0 1.41421356237 0 4 0 0
 -2.44948974278 0 0 0 -4 0 -2.44948974278 0 0 0 -4 0
 2.44948974278 0 0 0 4 0 2.44948974278 0 0 0 4 0
 0 -2.44948974278 0 0 0 -4 0 -2.44948974278 0 0 0 -4
 0 2.44948974278 0 0 0 4 0 2.44948974278 0 0 0 4
# name: X
# type: matrix
# rows: 12
# columns: 24
 -2 2 0 0 -1.41421356237 -7.07106781187 0 0 7.34846922835 -2.44948974278 0 0 2 -2 0 0 1.41421356237 -1.41421356237 0 0 2.44948974278 -2.44948974278 0 0
 0 0 -2 2 0 0 -1.41421356237 -7.07106781187 0 0 7.34846922835 -2.44948974278 0 0 2 -2 0 0 1.41421356237 -1.41421356237 0 0 2.44948974278 -2.44948974278
 -1.41421356237 -7.07106781187 0 0 -4 4 0 0 0 0 0 0 1.41421356237 -1.41421356237 0 0 4 -4 0 0 0 0 0 0
 0 0 -1.41421356237 -7.07106781187 0 0 -4 4 0 0 0 0 0 0 1.41421356237 -1.41421356237 0 0 4 -4 0 0 0 0
 7.34846922835 -2.44948974278 0 0 0 0 0 0 -4 4 0 0 2.44948974278 -2.44948974278 0 0 0 0 0 0 4 -4 0 0
 0 0 7.34846922835 -2.44948974278 0 0 0 0 0 0 -4 4 0 0 2.44948974278 -2.44948974278 0 0 0 0 0 0 4 -4
 -2 2 0 0 -1.41421356237 1.41421356237 0 0 -2.44948974278 2.44948974278 0 0 2 -2 0 0 1.41421356237 7.07106781187 0 0 -7.34846922835 2.44948974278 0 0
 0 0 -2 2 0 0 -1.41421356237 1.41421356237 0 0 -2.44948974278 2.44948974278 0 0 2 -2 0 0 1.41421356237 7.07106781187 0 0 -7.34846922835 2.44948974278
 -1.41421356237 1.41421356237 0 0 -4 4 0 0 0 0 0 0 1.41421356237 7.07106781187 0 0 4 -4 0 0 0 0 0 0
 0 0 -1.41421356237 1.41421356237 0 0 -4 4 0 0 0 0 0 0 1.41421356237 7.07106781187 0 0 4 -4 0 0 0 0
 -2.44948974278 2.44948974278 0 0 0 0 0 0 -4 4 0 0 -7.34846922835 2.44948974278 0 0 0 0 0 0 4 -4 0 0
 0 0 -2.44948974278 2.44948974278 0 0 0 0 0 0 -4 4 0 0 -7.34846922835 2.44948974278 0 0 0 0 0 0 4 -4
# name: Y
# type: matrix
# rows: 12
# columns: 12
 6 0 -1.11022302463e-15 0 0 0 -2 0 -1.41421356237 0 -2.44948974278 0
 0 6 0 -1.11022302463e-15 0 0 0 -2 0 -1.41421356237 0 -2.44948974278
 -1.11022302463e-15 0 12 0 0 0 -1.41421356237 0 -4 0 0 0
 0 -1.11022302463e-15 0 12 0 0 0 -1.41421356237 0 -4 0 0
 0 0 0 0 12 0 -2.44948974278 0 0 0 -4 0
 0 0 0 0 0 12 0 -2.44948974278 0 0 0 -4
 -2 0 -1.41421356237 0 -2.44948974278 0 6 0 -1.11022302463e-15 0 0 0
 0 -2 0 -1.41421356237 0 -2.44948974278 0 6 0 -1.11022302463e-15 0 0
 -1.41421356237 0 -4 0 0 0 -1.11022302463e-15 0 12 0 0 0
 0 -1.41421356237 0 -4 0 0 0 -1.11022302463e-15 0 12 0 0
 -2.44948974278 0 0 0 -4 0 0 0 0 0 12 0
 0 -2.44948974278 0 0 0 -4 0 0 0 0 0 12
# name: Z
# type: matrix
# rows: 12
# columns: 6
 2 1.41421356237 -7.34846922835 -2 -1.41421356237 -2.44948974278
 -2 7.07106781187 2.44948974278 2 1.41421356237 2.44948974278
 1.41421356237 4 0 -1.41421356237 -4 0
 7.07106781187 -4 0 1.41421356237 4 0
 -7.34846922835 0 4 -2.44948974278 0 -4
 2.44948974278 0 -4 2.44948974278 0 4
 2 1.41421356237 2.44948974278 -2 -1.41421356237 7.34846922835
 -2 -1.41421356237 -2.44948974278 2 -7.07106781187 -2.44948974278
 1.41421356237 4 0 -1.41421356237 -4 0
 -1.41421356237 -4 0 -7.07106781187 4 0
 2.44948974278 0 4 7.34846922835 0 -4
 -2.44948974278 0 -4 -2.44948974278 0 4
# name: __nargin__
# type: scalar
5
# name: p
# type: matrix
# rows: 6
# columns: 1
 3.30524926716e+17
 5.67748982756e+17
 3.73827251824e+17
 5.70730065495e+17
 4.82823641329e+17
 2.26732245999e+17
# name: u
# type: matrix
# rows: 12
# columns: 1
 4.22260891308e+17
 -8.20412602264e+17
 -5475939616440000
 -7.09253954541e+16
 1.19372246034e+17
 6010462819130000
 -1.82055752836e+17
 5.80207463178e+17
 4.79386100158e+16
 2.83238748706e+17
 -3.40014754903e+17
 6.7537039961e+16
# name: mirko_E
# type: matrix
# rows: 6
# columns: 12
 -2 2 -1.41421356237 1.41421356237 -2.44948974278 2.44948974278 -2 2 -1.41421356237 1.41421356237 -2.44948974278 2.44948974278
 -1.41421356237 -7.07106781187 -4 4 2.22044604925e-16 1.55431223448e-15 -1.41421356237 1.41421356237 2 -2 -3.46410161514 3.46410161514
 7.34846922835 -2.44948974278 -0 -0 -4 4 -2.44948974278 2.44948974278 -3.46410161514 3.46410161514 -2 2
 2 -2 1.41421356237 -1.41421356237 2.44948974278 -2.44948974278 2 -2 1.41421356237 -1.41421356237 2.44948974278 -2.44948974278
 1.41421356237 -1.41421356237 -2 2 3.46410161514 -3.46410161514 1.41421356237 7.07106781187 4 -4 -2.22044604925e-16 -1.55431223448e-15
 2.44948974278 -2.44948974278 3.46410161514 -3.46410161514 2 -2 -7.34846922835 2.44948974278 -0 -0 4 -4
# name: mirko_R
# type: matrix
# rows: 6
# columns: 6
 16 11.313708499 19.5959179423 -16 -11.313708499 -19.5959179423
 11.313708499 32 -1.7763568394e-15 -11.313708499 16 -27.7128129211
 19.5959179423 -1.7763568394e-15 32 -19.5959179423 -27.7128129211 -16
 -16 -11.313708499 -19.5959179423 16 11.313708499 19.5959179423
 -11.313708499 16 -27.7128129211 11.313708499 32 -1.7763568394e-15
 -19.5959179423 -27.7128129211 -16 19.5959179423 -1.7763568394e-15 32
